2279698
2279700
2287982
2287984
2293130
2293132
2298150
2298152
2304174
2304177
2307731
2307733
2311975
2311977
2315560
2315562
2319387
2319389
2322740
2322742
2325587
2325589
2332492
2332494
2336260
2336262
2341302
2341304
2344581
2344583
2347857
2347859
2352899
2352901
2357484
2357486
2361707
2361709
2364917
2364919
2368686
2368688
2372768
2372770
2376137
2376139
2378729
2378731
2381543
2381545
2384889
2384891
2388235
2388237
2391340
2391342
2394582
2394584
2397934
2397936
2400534
2400536
2403355
2403357
2405945
2405947
2408592
2408594
2411171
2411173
2413758
2413760
2417639
2417641
2421092
2421094
2425188
2425190
2428086
2428088
2433050
2433052
2444300
2444302
2455202
2455204
2464770
2464772
2473134
2473136
2483510
2483512
2497424
2497426
2507177
2507179
2513192
2513194
2521938
2521940
