3581
3583
10113
10115
16455
16457
20909
20911
26910
26912
31085
31087
34761
34763
38089
38091
43989
43991
47804
47806
51199
51201
57089
57091
61416
61418
67956
67958
72109
72111
77178
77180
82440
82442
88613
88615
95511
95513
101755
101757
108083
108085
112274
112276
115626
115628
118964
118966
122531
122533
128173
128175
132575
132577
139137
139139
142796
142798
146379
146381
151989
151991
156359
156361
161969
161971
166350
166352
172213
172215
175850
175852
183749
183751
187328
187330
196998
197000
200764
200766
204145
204147
210466
210468
214350
214352
218132
218134
224381
224383
227991
227993
233876
233878
238039
238041
241603
241605
247785
247787
254457
254459
260596
260598
264787
264789
268647
268649
274545
274547
278264
278266
281887
281889
285313
285315
290956
290958
294555
294557
298334
298336
302099
302101
308675
308677
315271
315273
318918
318920
322241
322243
326622
326624
329975
329977
336477
336479
342935
342937
346654
346656
353319
353321
361312
361314
365909
365911
372321
372323
378992
378994
383194
383196
386826
386828
393306
393308
399479
399481
403816
403818
407213
407215
410603
410605
416932
416934
420542
420544
426874
426876
437675
437677
441310
441312
450440
450442
454302
454304
458135
458137
464326
464328
468210
468212
471994
471996
478161
478163
481829
481831
485398
485400
491053
491055
495154
495156
498777
498779
505351
505353
511908
511910
518562
518564
522489
522491
528124
528126
531723
531725
535554
535556
539163
539165
542947
542949
548563
548565
552166
552168
556325
556327
562959
562961
569898
569900
573438
573440
576761
576763
580579
580581
587179
587181
593137
593139
597200
597202
603137
603139
610548
610550
616788
616790
620611
620613
626775
626777
633182
633184
637088
637090
640735
640737
646926
646928
651049
651051
656696
656698
660525
660527
664085
664087
667968
667970
671300
671302
677162
677164
684664
684666
691008
691010
697152
697154
701734
701736
705278
705280
709446
709448
713017
713019
718912
718914
723036
723038
728664
728666
735356
735358
739239
739241
743018
743020
748702
748704
