1906176
1906178
1952446
1952448
1988627
1988629
2020241
2020243
2067334
2067336
2084914
2084916
2110696
2110698
2138767
2138769
2155844
2155846
2186091
2186093
2203677
2203679
2276071
2276073
2305707
2305709
2353476
2353478
2370535
2370537
2387592
2387594
2418202
2418204
2446017
2446019
2471013
2471015
2496280
2496282
2529726
2529728
2574532
2574534
2607869
2607871
2624476
2624478
2649217
2649219
2695896
2695898
2714008
2714010
2717899
2717901
2723292
2723294
2730361
2730363
2734425
2734427
2738860
2738862
2743920
2743922
2747923
2747925
2757332
2757334
2765128
2765130
2771001
2771003
2774372
2774374
2782092
2782094
2784415
2784417
2787827
2787829
2791948
2791950
2796439
2796441
2799842
2799844
2803221
2803223
2807726
2807728
2812750
2812752
2816128
2816130
2818923
2818925
2822257
2822259
2827230
2827232
2833255
2833257
2837702
2837704
2842400
2842402
2847378
2847380
2853825
2853827
2856112
2856114
2858407
2858409
2860680
2860682
2885619
2885621
2902532
2902534
2970879
2970881
2999443
2999445
3059527
3059529
3076045
3076047
3093912
3093914
3125906
3125908
3153953
3153955
3186624
3186626
3211971
3211973
3246228
3246230
3289894
3289896
3320977
3320979
3337896
3337898
3367398
3367400
3413691
3413693
3457930
3457932
3494175
3494177
3526711
3526713
3547793
3547795
3550101
3550103
3552392
3552394
3554686
3554688
3556970
3556972
3559294
3559296
3561614
3561616
3564309
3564311
3566633
3566635
3570046
3570048
3572321
3572323
3575647
3575649
3580118
3580120
3599214
3599216
3628790
3628792
3653632
3653634
3674296
3674298
3676694
3676696
3679010
3679012
3681278
3681280
3683568
3683570
3685937
3685939
3688388
3688390
3690749
3690751
3693379
3693381
3695764
3695766
3698033
3698035
3700340
3700342
3702638
3702640
3705341
3705343
3707635
3707637
3709896
3709898
3712372
3712374
3714751
3714753
3717272
3717274
3719528
3719530
3721784
3721786
3724579
3724581
3726929
3726931
3729253
3729255
3731558
3731560
3733892
3733894
3736255
3736257
3738569
3738571
3740837
3740839
3743122
3743124
3745483
3745485
3747863
3747865
3750205
3750207
3752823
3752825
3755165
3755167
3757423
3757425
3759708
3759710
3762015
3762017
3764752
3764754
3767109
3767111
3769414
3769416
3771992
3771994
3774311
3774313
3776798
3776800
3779057
3779059
3781315
3781317
3796019
3796021
3829928
3829930
3858423
3858425
3869101
3869103
3871538
3871540
3873947
3873949
3876261
3876263
3878527
3878529
3880821
3880823
