384656
384658
400266
400268
403712
403714
407019
407021
411195
411197
413847
413849
416769
416771
419363
419365
422014
422016
424572
424574
427199
427201
431502
431504
434598
434600
439826
439828
442397
442399
444870
444872
448761
448763
451320
451322
454227
454229
456944
456946
459825
459827
463117
463119
466042
466044
468557
468559
471389
471391
474673
474675
478042
478044
481152
481154
484390
484392
487766
487768
490311
490313
492937
492939
495418
495420
498053
498055
500435
500437
503051
503053
507162
507164
510874
510876
513788
513790
516357
516359
518873
518875
522585
522587
528079
528081
531030
531032
533869
533871
537029
537031
540511
540513
543895
543897
546473
546475
549376
549378
553800
553802
558636
558638
561960
561962
565342
565344
568964
568966
571733
571735
574407
574409
576969
576971
579818
579820
582437
582439
585227
585229
590475
590477
593640
593642
596927
596929
599621
599623
602402
602404
