12516
12518
21648
21650
28610
28612
34744
34746
41484
41486
49132
49134
54829
54831
62481
62483
69691
69693
75812
75814
82492
82494
89329
89331
96318
96320
111719
111721
118113
118115
122282
122284
129083
129085
136028
136030
144046
144048
149213
149215
155608
155610
166279
166281
172654
172656
176341
176343
182225
182227
188977
188979
196142
196144
203211
203213
209489
209491
223091
223093
230521
230523
239781
239783
243675
243677
247309
247311
250664
250666
254242
254244
264240
264242
270943
270945
284579
284581
290969
290971
294558
294560
302003
302005
309675
309677
313799
313801
320600
320602
326971
326973
338582
338584
345688
345690
349329
349331
355881
355883
363849
363851
371487
371489
378843
378845
386151
386153
400730
400732
409919
409921
416895
416897
421055
421057
424958
424960
428722
428724
432333
432335
446444
446446
457807
457809
468126
468128
473817
473821
478088
478090
485907
485909
492394
492396
498299
498301
502704
502706
512530
512532
519400
519402
525447
525449
529359
529361
535526
535528
543183
543185
550087
550089
562166
562168
576906
576908
583881
583883
589791
589793
593688
593690
599807
599809
603509
603511
607139
607141
610744
610746
627697
627699
634784
634786
644870
644872
651100
651102
654707
654709
661174
661176
665348
665350
674576
674578
679527
679529
685703
685705
692445
692447
699170
699172
702756
702758
709483
709485
716497
716499
725773
725775
738632
738634
749500
749502
753704
753706
757057
757059
763467
763469
767088
767090
773695
773697
777815
777817
787376
787378
801542
801544
808204
808206
817915
817917
821528
821530
825096
825098
832295
832297
841243
841245
848482
848484
852193
852195
858632
858634
865605
865607
872181
872183
876272
876274
882746
882748
892000
892002
906368
906370
916365
916367
920626
920628
927388
927390
933550
933552
937268
937270
940847
940849
944640
944642
951309
951311
960399
960401
974231
974233
981224
981226
988850
988852
994755
994757
998647
998649
1006018
1006020
1015635
1015637
1019518
1019520
1022965
1022967
1026373
1026375
1029808
1029810
1033215
1033217
1036580
1036582
1039970
1039972
