3546134
3560337
3570083
3582127
3591569
3598380
3609278
3624056
3632312
3636489
3642296
3650858
3656964
3664278
3671052
3678430
3684390
3689634
3692876
3698353
3703352
3725870
3731601
3740015
3750037
3756858
3772955
3775002
3776739
3778673
3780448
3784791
3787698
3790418
3792492
3794163
3796365
3799610
3801121
3803988
3806949
3808570
3813554
3816189
3818085
3819834
3821185
3822639
3824800
3826514
3830215
3834396
3836604
3839278
3842540
3844927
3848497
3854602
3858284
3860488
3862446
3863982
3865405
3867285
3868680
3870773
3873122
3874564
3875960
3878174
3880431
3888391
3890346
3893230
3896411
3898754
3901784
3904109
3905243
3907338
3908731
3911486
3914177
3916366
3917767
3920355
3923412
3926437
3930961
3934186
3936747
3938405
3940714
3942881
3945435
3946891
3948995
3950452
3953721
3955316
3958155
3962578
3966377
3971260
3975649
3979197
3981820
3984376
3986813
3988917
3990607
3993706
3995199
3997287
4000768
4004645
4006600
4008392
4010144
4012266
4014800
4020665
4022401
4024651
4027165
4028599
4033069
4035406
4036552
4038221
4040064
4044312
4046999
4051467
4053270
4054981
4058074
4061011
4063380
4066755
4070056
4072403
4076550
4078065
4080761
4083119
4085755
4088102
4091452
4094326
4101250
4105085
4106690
4110210
4112664
4114790
4117977
4125016
4127793
4129559
4131676
4133216
4135590
4137966
4139770
4141293
4143433
4145110
4147283
4149406
4150961
4156236
4157702
4160128
4162745
4165800
4172409
4173961
4175126
4176578
4178640
4180686
4182251
4184239
4185956
4187883
4191596
445
3429
5952
7944
10100
15189
17584
22358
25619
29318
30996
34199
35764
38242
42318
45748
47728
50820
55379
59020
62780
65385
67532
69127
71426
73704
75803
77286
79434
81325
83121
85410
86917
88373
94297
97476
99196
102364
103858
107453
108893
110250
112076
113556
116243
117990
121053
122597
124050
126300
128698
131947
134911
139152
140552
147768
150085
152577
154057
155502
156707
160047
162177
165913
170139
175254
179560
182200
184930
188395
195024
196946
198941
201156
204735
206403
208042
210435
212705
214984
216173
218389
221014
224382
228792
230136
232344
233787
235088
237736
239022
240178
241408
242659
244416
245839
247462
248763
250034
252020
253404
254714
256111
257560
258743
260250
261488
262855
264090
265321
266540
267852
269111
