12383
12385
19442
19444
26181
26183
33447
33449
40187
40189
46783
46785
53532
53534
60182
60184
66806
66808
73521
73523
80197
80199
87034
87036
93772
93774
99728
99730
103900
103902
107231
107233
114007
114009
121726
121728
132150
132152
138317
138319
142749
142751
152754
152756
159530
159532
163144
163146
169571
169573
179699
179701
186673
186675
193345
193347
200189
200191
207437
207439
213545
213547
217456
217458
220795
220797
227415
227417
233366
233368
237485
237487
257004
257006
260762
260764
267878
267880
273533
273535
277123
277125
282011
282013
288404
288406
299593
299595
306344
306346
314750
314752
324535
324537
331458
331460
335285
335287
342174
342176
353080
353082
360310
360312
367321
367323
374816
374818
383067
383069
389162
389164
393351
393353
397031
397033
402775
402777
407593
407595
414280
414282
434672
434674
438932
438934
443589
443591
449350
449352
453629
453631
461092
461094
464992
464994
471695
471697
481475
481477
488482
488485
495999
496001
505012
505014
509349
509351
515617
515619
522576
522578
532723
532725
539459
539461
545914
545916
552665
552667
556565
556567
560133
560135
565888
565890
570292
570294
573791
573793
579420
579422
586940
586942
597250
597252
613551
613553
617180
617182
620564
620566
624730
624732
630374
630376
636801
636803
641337
641339
647945
647947
658885
658887
668641
668643
672287
672289
678992
678994
688784
688786
695810
695812
705542
705544
712623
712625
719085
719087
723204
723206
729123
729125
732950
732952
736601
736603
742838
742840
746929
746931
759196
759198
769148
769150
777617
777619
783988
783990
790168
790170
794582
794584
798166
798168
804121
804123
810595
810597
814832
814834
827853
827855
835134
835136
838997
838999
845701
845703
855271
855273
862300
862302
869039
869041
878842
878844
886138
886140
889707
889709
895619
895621
899452
899454
903526
903528
909160
909162
913333
913335
923774
923776
929680
929682
945176
945178
951865
951867
957908
957910
964609
964611
968318
968320
971937
971939
978588
978590
985211
985213
991809
991811
1001626
1001628
1008368
1008370
1012789
1012791
