269338
269340
269342
269344
289467
289469
289471
289473
310113
310115
310117
310119
323744
323746
323748
323750
335121
335123
335125
335127
346153
346155
346157
346159
373166
373168
373170
373172
392592
392594
392596
392598
406330
406332
406334
406336
423008
423010
423019
423021
438908
438910
438912
438914
458533
458535
458537
458539
473074
473076
489272
489274
489276
489278
509389
509391
509393
509395
529356
529358
529360
529362
543012
543014
543016
543018
554346
554348
554350
554352
565360
565366
565368
565370
591640
591642
591644
591646
614262
614264
614266
614268
