3442
3444
14152
14154
24471
24473
40380
40382
54804
54806
64243
64247
71573
71575
84730
84732
92163
92165
98523
98525
105732
105734
125873
125875
135267
135269
149201
149203
158649
158651
168638
168640
180384
180386
190222
190224
194144
194146
206663
206665
220483
220485
231578
231580
244453
244455
251396
251398
258307
258309
271202
271204
288443
288445
302229
302231
312226
312228
331992
331994
339465
339467
349385
349387
355613
355615
360016
360018
370030
370032
376692
376694
390165
390167
397145
397147
410733
410735
422829
422831
430157
430159
434372
434374
444493
444495
448141
448143
461319
461321
474843
474845
488533
488535
501560
501562
508010
508012
514994
514996
525606
525608
545773
545775
558616
558618
566484
566486
582784
582786
590150
590152
600079
600081
607022
607024
612898
612900
623171
623173
630385
630387
643871
643873
653337
653339
674376
674378
681326
681328
687724
687726
695855
695857
715304
715306
725870
725872
732837
732839
746418
746420
753220
753222
756628
756630
759995
759997
763388
763390
766828
766830
770275
770277
773705
773707
777386
777388
780822
780824
784176
784178
787559
787561
790918
790920
794300
794302
797675
797677
801038
801040
804559
804561
807969
807971
811529
811531
814882
814884
818217
818219
822176
822178
825578
825580
828980
828982
832366
832368
835776
835778
839216
839218
842623
842625
845989
845991
849378
849380
852819
852821
856267
856269
859690
859692
863395
863397
866833
866835
870188
870190
873572
873574
876931
876933
880728
880730
884067
884069
887429
887431
890949
890951
894355
894357
897860
897862
901209
901211
904548
904550
908435
908437
911853
911855
915255
915257
918639
918641
922047
922049
925483
925485
928892
928894
932257
932259
935646
935648
939085
939087
942529
942531
945951
945953
949669
949671
953105
953107
956457
956459
959840
959842
963200
963202
967002
967004
970372
970374
973732
973734
977250
977252
980658
980660
984137
984139
987484
987486
990838
990840
994747
994749
998153
998155
1001547
1001549
1004931
1004933
1008340
1008342
1011777
1011779
1015182
1015184
1018549
1018551
1021939
1021941
