3546131
3559990
3569791
3582547
3590476
3596669
3607230
3621943
3627913
3633003
3639324
3646672
3652418
3658640
3661119
3667156
3669552
3672580
3675576
3681813
3686900
3710346
3716141
3723078
3733384
3739246
3748745
3755164
3758937
3761092
3764537
3771390
3773654
3777653
3781554
3783345
3787006
3789200
3791588
3795132
3797558
3798675
3802392
3803819
3806271
3809251
3810454
3811834
3813337
3815648
3819301
3823864
3827184
3829213
3831173
3832706
3835065
3837850
3839942
3841485
3843772
3846364
3847811
3849685
3851067
3852485
3853674
3855483
3856877
3858946
3861246
3866622
3869848
3872459
3876645
3878949
3881788
3882985
3884388
3885523
3886705
3889407
3891877
3894301
3895723
3897829
3900548
3902471
3905828
3909633
3913039
3914631
3919648
3921594
3924805
3927118
3928714
3930175
3932776
3934725
3938022
3941379
3944169
3947871
3951073
3952915
3956312
3958932
3960470
3961880
3963768
3965417
3967264
3968726
3969862
3971881
3973069
3974714
3976580
3978262
3980159
3983409
3985291
3987999
3991324
3992974
3996667
3998769
3999907
4001894
4003535
4007693
4010825
4013157
4015469
4016720
4018407
4019997
4023111
4025929
4029323
4030459
4032389
4034722
4039377
4042116
4043632
4045807
4048340
4050638
4055940
4060147
4064264
4068111
4070293
4073450
4075849
4079672
4082413
4084568
4086923
4089349
4090782
4092890
4094546
4096254
4097709
4098863
4100284
4102192
4103681
4107460
4108950
4111421
4114262
4116616
4118984
4120470
4121624
4122968
4124198
4127113
4130236
4133909
4136264
4138182
4142516
4146087
4148720
4151981
4153732
4154982
4158465
4160864
4163448
4165123
4167074
4168267
4170240
4171509
4177622
4183497
4186941
4190907
4193417
1874
4964
8643
11075
12512
13981
15873
18144
19752
20918
23038
25164
26972
28645
31308
33209
37549
39471
41255
43569
45012
48423
50136
52051
53462
54844
57683
59977
61802
63709
66045
68959
71473
74399
77454
82042
84240
89111
90329
92129
93329
95454
96792
99874
101351
104861
106742
111163
115316
117822
120059
124282
127530
129870
131260
133152
135587
137072
138476
141442
142929
144551
145908
147083
149352
151292
157344
158850
161244
163386
164837
167514
168969
170827
171963
173398
175957
178276
180753
182938
185468
187710
190063
194316
197989
202524
203981
208877
211398
216910
219559
221732
223166
225429
226973
